10
11
12
13
14
15
16
17
18
19
20
21
22
23
24
25
26
27
28
29
30
31
32
33
34
35
36
37
38
39
41
42
50
57
58
63
64
65
70
71
72
73
74
75
76
77
78
79
80
81
82
83
84
85
86
101
102
103
104
105
107
108
109
110
111
112
113
114
115
200
201
203
204
205
206
207
208
209
210
211
212
213
214
215
216
217
218
219
220
221
222
223
224
225
226
227
228
229
230
231
232
233
243
244
245
248
249
250
251
256
258
260
265
272
274
276
280
286
288
291
292
295
299
300
301
302
303
304
305
306
307
308
318
321
322
329
331
332
334
335
337
339
340
350
351
352
353
354
355
356
357
358
359
360
361
362
363
364
365
366
367
368
369
370
371
500
679
1491
1572
1587
1588
1612
1620
1623
1624
1625
1626
1627
1628
1629
1630
1631
1632
1633
1634
1635
1636
1637
1638
1639
1640
1641
1642
1643
1644
1645
1646
1647
1648
1654
1658
1659
1660
1728
1734
1735
1736
1737
2424
2448
2451
2454
2456
2457
2459
2461
2463
2465
2477
2478
2489
2491
2493
2495
2498
2501
2504
2510
2513
2516
2519
2522
2537
2540
2563
2565
2575
2580
2583
2585
2589
2591
2593
2632
2702
2717
2849
2862
2866
2877
2882
2883
2884
2885
2886
2896
2922
2963
3373
3386
3387
3391
3392
3393
3398
3399
3401
3408
3409
3414
3418
3420
3422
3425
3427
3429
3439
3443
3454
3455
3458
3460
3462
3463
3464
3470
3471
3566
3775
3799
3801
3847
3849
3851
3923
3929
3933
4083
4087
4103
4496
4499
10123
11291
11463
11581
12013
12091
12111
12179
12216
12988
13038
13046
13876
14740
14787
14811
15143
15467
15573
15799
15833
15991
16133
16871
16872
16874
16876
16878
16880
16882
16884
16886
16888
16890
16892
16901
16903
16907
16913
16914
16915
16916
16917
16918
16925
16936
16937
16938
16939
16940
16941
16999
17001
17003
17005
17007
17009
17011
17013
17015
17021
17029
17065
17091
17133
17322
17408
17418
17541
17543
17547
18008
20226
20247
20250
20254
20257
20260
20281
20284
20287
20290
20311
20314
20323
20326
20329
20332
20335
20338
20341
20347
20350
20353
20384
20387
20390
20417
20420
20429
20432
20435
20438
20441
20444
20447
20450
20453
20456
20462
20463
20466
20523
20854
20995
20998
21025
21028
21055
21073
21173
21179
21246
22093
22382
22383
22384
22385
22386
22387
22388
22389
22390
22391
22392
22393
22394
22395
22396
22397
22398
22399
22400
22401
22402
22403
22404
22405
22406
22408
22409
22410
22411
22412
22413
22414
22415
22416
22418
22419
22456
22459
22460
22471
22475
22496
22497
22499
22564
22626
23170
23213
23262
23275
23416
23427
23433
23435
23436
23437
23439
23442
23444
23446
23447
23463
23465
23467
23468
23469
23470
23471
23472
23473
23476
23478
23485
23486
23488
23490
23492
23500
23503
23505
23506
23508
23511
23513
23516
23517
23518
23519
23522
23527
23657
23659
23677
23688
23819
23837
23846
23870
24320
24485
24516
50995
51006
51009
51025
51026
51040
51042
51044
51047
51053
51059
51065
51066
51077
51082
51084
51089
51096
51099
51105
51110
51115
51121
51127
51130
51133
51138
51143
51156
51159
51173
51178
51184
51189
51193
51194
51198
51204
51208
51213
51214
51225
51231
51235
51364
51482
51699
51723
51730
51746
51753
51757
51833
51834
51835
51836
51837
51838
51839
51840
51841
51842
51843
51844
51845
51846
51847
51848
51849
51851
51853
51854
51855
51856
51857
51858
51859
51860
51861
51862
51864
51866
51867
51882
51891
51892
51898
51908
51962
51964
51969
51979
52014
52022
52027
52033
52092
52115
52275
52303
52305
52315
52316
52362
52363
52428
52442
52450
52493
52494
52496
52497
52498
52501
52502
52503
52504
52506
52508
52511
52514
52516
52517
52518
52519
52521
52522
52523
52528
52532
52533
52535
52561
52589
52592
52621
52651
52890
52891
52915
52916
52950
52989
53000
53004
53006
53008
53010
53014
53016
53018
53020
53022
53056
53094
53095
53097
53099