10
11
12
13
14
15
16
17
18
19
20
21
22
23
24
25
26
27
28
29
30
31
32
33
34
35
36
37
38
39
41
42
50
57
58
63
64
65
70
71
72
73
74
75
76
77
78
79
80
81
82
83
84
85
86
101
102
103
104
105
107
108
109
110
111
112
113
114
115
200
201
203
204
205
206
207
208
209
210
211
212
213
214
215
216
217
218
219
220
221
222
223
224
225
226
227
228
229
230
231
232
233
243
244
245
248
249
250
251
256
258
260
265
272
274
276
280
286
288
291
292
295
299
300
301
302
303
304
305
306
307
308
318
321
322
329
331
332
334
335
337
339
340
350
351
352
353
354
355
356
357
358
359
360
361
362
363
364
365
366
367
368
369
370
371
500
679
1491
10123
1572
1587
1588
1612
1620
1623
1624
1625
1626
1627
1628
1629
1630
1631
1632
1633
1634
1635
1636
1637
1638
1639
1640
1641
1642
1643
1644
1645
1646
1647
1648
1654
1658
1659
1660
1728
1734
1735
1736
1737
2424
2448
2451
2454
2456
2457
2459
2461
2463
2465
2477
2478
2489
2491
2493
2495
2498
2501
2504
2510
2513
2516
2519
2522
2537
2540
2563
2565
2575
2580
2583
2585
2589
2591
2593
2632
2702
2717
2849
2862
2866
2877
2882
2883
2884
2885
2886
2896
2922
2963
3373
3386
3387
3391
3392
3393
3398
3399
3401
3408
3409
3414
3418
3420
3422
3425
3427
3429
3439
3443
3454
3455
3458
3460
3462
3463
3464
3470
3471
3566
3775
3799
3801
3847
3849
3851
3923
3929
3933
4083
4087
4103
4496
4499